3281497
3281515
3281505
3370810
3281525
3281537
3281541
19592991
3281548
3281553
3281552
3281560
3281556
3281085
3281574
3281558
3281084
3281575
3281534
3281544
3281561
3281551
3281570
3281592
3281579
3281616
3281589
3283045
22847887
3281611
3281612
3281597
3281625
3281614
3281603
3281623
3281638
3281629
3281607
3281649
3281630
3281662
3281652
3281641
3281661
3281650
3281620
3370811
3281668
3281674
3281658
3281676
3281671
3281315
3281680
3281684
3281687
3281528
3281604
3281690
3281697
3281703
3281581
3281699
3281708
3281731
3281732
3281722
3281727
3281739
3281718
3370856
3370857
3281723
3281733
3281747
3281749
3281734
3281761
3283044
3283042
3283043
3283041
22847888
3283039
3281736
3281760
3283038
3281777
3281725
3281778
3281751
3281741
3281770
3281755
3281791
3281177
3283037
3281191
3281205
3281194
3281211
3281239
3281226
3281240
3281257
3283036
3283035
3283034
3283033
3283032
3283031
3283029
3283028
3283030
3283027
3283023
3283026
3283025
3283024
3282004
3282190
3282189
3283022
3282174
3282185
3281907
3281821
3281910
3281961
3282007
3282112
3282153
3282447
3282537
3282564
3281079
3281083
3282560
3283020
3283021
3283019
3283018
3283017
3283016
3283015
3283014
3283012
3283011
3283010
3283009
3283006
3283008
3283007
3283005
3283004
3282183
3281945
3282076
3282233
3282532
3282558
3283003
3283002
3283001
3283000
3282999
3282998
3282997
3282996
3282995
3282580
3282581
3282582
3282171
3282181
3281937
3281815
3281923
3281991
3281996
3282061
3282098
3282074
3370858
3282104
3282128
3282511
3282196
3370859
3370860
3282428
3282298
3282456
3281086
3281417
3281095
3281655
3282994
3282993
3282992
3282991
3282990
3282989
3282988
3282987
3282986
3282985
3282984
3370861
3370862
3282983
3283077
3282982
3282981
3282974
3282980
3282979
3282978
3282976
3282975
3282977
3282973
3282972
3282968
3282970
3282967
3282966
3282969
3282964
3282963
3282962
