59800696
59800697
59800698
59800701
59800702
59800703
651851639
59800704
59800705
59800706
59800707
59800708
59800709
59800710
59800711
59800712
59800713
59800714
59800715
59800716
59800717
59800718
59800719
59800720
59800721
59800722
59800723
745998705
59800724
59800725
59800726
59800727
59800728
59800730
59800731
59800732
59800733
59800734
59800735
59800736
59800737
59800739
59800740
59800741
59800742
59800743
59800744
59800745
59800746
161572977
59800748
59800749
59800750
59800751
59800752
59800753
59800754
59800755
59800756
59800757
59800758
59800759
59800760
59800761
59800762
59800763
59800764
59800765
59800766
59800767
59800768
59800769
59800770
59800771
59800772
59800773
59800774
59800775
745998706
59800777
59800778
59800779
59800780
59800781
59800782
59800783
59800784
59800785
59800786
59800787
59800788
59800789
59800790
59800791
59800792
59800793
59800794
59800795
59800796
59800797
59800798
59800799
59800800
59800801
59800802
59800803
59800804
59800805
59800806
59800807
59800808
59800809
59800810
59800811
651851626
651851627
59800814
59800815
59800816
59800817
59800818
59800819
59800820
59800821
59800822
59800823
59800824
59800825
59800826
59800827
59800828
59800829
59800830
59800831
59800832
59800833
59800834
59800835
59800836
59800837
59800838
59800839
59800841
59800842
59800843
59800844
59800845
59800846
59800847
59800848
59800849
59800850
59800851
59800852
59800853
59800854
59800855
59800856
59800857
59800858
59800859
59800860
59800861
59800862
59800863
59800864
59800866
59800867
59800868
59800869
59800870
59800871
59800872
59800873
59800874
59800875
59800876
59800877
59800878
59800879
59800880
59800881
59800882
59800883
59800884
59800885
59800886
59800887
59800888
59800889
59800890
59800891
59800892
59800893
59800894
59800895
59800896
59800897
59800898
59800899
59800900
59800901
59800902
59800903
59800904
59800905
59800906
59800907
59800908
59800910
59800911
59800912
59800913
59800914
59800916
59800917
59800918
59800919
59800921
59800922
59800923
